250	0.9540
251	0.9538
252	0.9544
253	0.9543
254	0.9542
255	0.9557
256	0.9553
257	0.9552
258	0.9553
259	0.9562
260	0.9575
261	0.9562
262	0.9566
263	0.9580
264	0.9575
265	0.9577
266	0.9577
267	0.9574
268	0.9580
269	0.9582
270	0.9585
271	0.9599
272	0.9587
273	0.9595
274	0.9601
275	0.9603
276	0.9596
277	0.9610
278	0.9627
279	0.9616
280	0.9623
281	0.9636
282	0.9638
283	0.9648
284	0.9663
285	0.9664
286	0.9674
287	0.9698
288	0.9700
289	0.9692
290	0.9716
291	0.9714
292	0.9725
293	0.9732
294	0.9730
295	0.9735
296	0.9718
297	0.9745
298	0.9731
299	0.9751
300	0.9747
301	0.9764
302	0.9752
303	0.9762
304	0.9757
305	0.9764
306	0.9782
307	0.9765
308	0.9791
309	0.9783
310	0.9783
311	0.9792
312	0.9786
313	0.9799
314	0.9798
315	0.9793
316	0.9802
317	0.9799
318	0.9800
319	0.9854
320	0.9813
321	0.9821
322	0.9817
323	0.9832
324	0.9823
325	0.9850
326	0.9826
327	0.9837
328	0.9850
329	0.9866
330	0.9846
331	0.9842
332	0.9841
333	0.9840
334	0.9848
335	0.9836
336	0.9857
337	0.9849
338	0.9854
339	0.9841
340	0.9838
341	0.9858
342	0.9842
343	0.9839
344	0.9847
345	0.9849
346	0.9855
347	0.9857
348	0.9859
349	0.9854
350	0.9870
351	0.9859
352	0.9863
353	0.9854
354	0.9854
355	0.9854
356	0.9860
357	0.9852
358	0.9864
359	0.9867
360	0.9865
361	0.9860
362	0.9866
363	0.9858
364	0.9853
365	0.9860
366	0.9860
367	0.9843
368	0.9853
369	0.9863
370	0.9870
371	0.9869
372	0.9863
373	0.9875
374	0.9869
375	0.9857
376	0.9867
377	0.9876
378	0.9882
379	0.9865
380	0.9865
381	0.9864
382	0.9873
383	0.9871
384	0.9877
385	0.9873
386	0.9870
387	0.9870
388	0.9866
389	0.9876
390	0.9870
391	0.9870
392	0.9877
393	0.9871
394	0.9874
395	0.9882
396	0.9870
397	0.9872
398	0.9878
399	0.9879
400	0.9880
401	0.9877
402	0.9879
403	0.9875
404	0.9876
405	0.9881
406	0.9887
407	0.9889
408	0.9883
409	0.9880
410	0.9876
411	0.9875
412	0.9881
413	0.9882
414	0.9883
415	0.9882
416	0.9878
417	0.9880
418	0.9887
419	0.9884
420	0.9878
421	0.9876
422	0.9878
423	0.9877
424	0.9876
425	0.9879
426	0.9882
427	0.9879
428	0.9880
429	0.9882
430	0.9886
431	0.9881
432	0.9876
433	0.9879
434	0.9882
435	0.9876
436	0.9877
437	0.9881
438	0.9877
439	0.9880
440	0.9882
441	0.9877
442	0.9881
443	0.9882
444	0.9881
445	0.9881
446	0.9881
447	0.9880
448	0.9880
449	0.9880
450	0.9876
451	0.9874
452	0.9876
453	0.9877
454	0.9882
455	0.9878
456	0.9878
457	0.9880
458	0.9878
459	0.9878
460	0.9884
461	0.9879
462	0.9878
463	0.9879
464	0.9878
465	0.9879
466	0.9880
467	0.9880
468	0.9881
469	0.9881
470	0.9878
471	0.9879
472	0.9885
473	0.9881
474	0.9879
475	0.9880
476	0.9880
477	0.9877
478	0.9882
479	0.9889
480	0.9891
481	0.9887
482	0.9885
483	0.9884
484	0.9881
485	0.9881
486	0.9883
487	0.9882
488	0.9879
489	0.9883
490	0.9886
491	0.9881
492	0.9881
493	0.9882
494	0.9881
495	0.9884
496	0.9884
497	0.9884
498	0.9882
499	0.9882
500	0.9881
501	0.9877
502	0.9878
503	0.9881
504	0.9885
505	0.9888
506	0.9888
507	0.9891
508	0.9891
509	0.9889
510	0.9886
511	0.9884
512	0.9884
513	0.9884
514	0.9886
515	0.9889
516	0.9884
517	0.9881
518	0.9885
519	0.9887
520	0.9885
521	0.9887
522	0.9885
523	0.9885
524	0.9886
525	0.9887
526	0.9892
527	0.9891
528	0.9889
529	0.9886
530	0.9885
531	0.9888
532	0.9890
533	0.9886
534	0.9882
535	0.9884
536	0.9883
537	0.9885
538	0.9887
539	0.9885
540	0.9884
541	0.9888
542	0.9882
543	0.9884
544	0.9886
545	0.9885
546	0.9885
547	0.9889
548	0.9882
549	0.9880
550	0.9888
551	0.9891
552	0.9886
553	0.9886
554	0.9883
555	0.9887
556	0.9888
557	0.9886
558	0.9880
559	0.9881
560	0.9889
561	0.9888
562	0.9884
563	0.9883
564	0.9885
565	0.9883
566	0.9885
567	0.9885
568	0.9883
569	0.9882
570	0.9890
571	0.9889
572	0.9882
573	0.9881
574	0.9883
575	0.9889
576	0.9881
577	0.9886
578	0.9887
579	0.9886
580	0.9887
581	0.9888
582	0.9892
583	0.9891
584	0.9892
585	0.9891
586	0.9885
587	0.9887
588	0.9888
589	0.9886
590	0.9888
591	0.9887
592	0.9881
593	0.9890
594	0.9891
595	0.9889
596	0.9887
597	0.9887
598	0.9887
599	0.9890
600	0.9887
601	0.9889
602	0.9890
603	0.9894
604	0.9887
605	0.9889
606	0.9889
607	0.9892
608	0.9888
609	0.9883
610	0.9884
611	0.9889
612	0.9887
613	0.9883
614	0.9885
615	0.9884
616	0.9876
617	0.9887
618	0.9887
619	0.9888
620	0.9886
621	0.9885
622	0.9883
623	0.9891
624	0.9893
625	0.9890
626	0.9884
627	0.9892
628	0.9884
629	0.9889
630	0.9885
631	0.9889
632	0.9889
633	0.9883
634	0.9885
635	0.9888
636	0.9885
637	0.9888
638	0.9884
639	0.9883
640	0.9884
641	0.9887
642	0.9884
643	0.9890
644	0.9889
645	0.9888
646	0.9881
647	0.9895
648	0.9891
649	0.9885
650	0.9884
651	0.9893
652	0.9887
653	0.9889
654	0.9887
655	0.9888
656	0.9885
657	0.9888
658	0.9886
659	0.9885
660	0.9887
661	0.9888
662	0.9891
663	0.9885
664	0.9886
665	0.9877
666	0.9880
667	0.9888
668	0.9879
669	0.9890
670	0.9877
671	0.9892
672	0.9881
673	0.9882
674	0.9883
675	0.9885
676	0.9877
677	0.9880
678	0.9889
679	0.9886
680	0.9882
681	0.9881
682	0.9892
683	0.9885
684	0.9894
685	0.9887
686	0.9887
687	0.9887
688	0.9877
689	0.9889
690	0.9891
691	0.9888
692	0.9890
693	0.9894
694	0.9880
695	0.9886
696	0.9884
697	0.9892
698	0.9883
699	0.9887
700	0.9883
701	0.9888
702	0.9885
703	0.9888
704	0.9885
705	0.9881
706	0.9886
707	0.9883
708	0.9886
709	0.9887
710	0.9884
711	0.9883
712	0.9882
713	0.9881
714	0.9885
715	0.9884
716	0.9882
717	0.9891
718	0.9880
719	0.9883
720	0.9884
721	0.9887
722	0.9881
723	0.9884
724	0.9873
725	0.9886
726	0.9876
727	0.9883
728	0.9880
729	0.9883
730	0.9887
731	0.9885
732	0.9883
733	0.9883
734	0.9886
735	0.9881
736	0.9883
737	0.9886
738	0.9878
739	0.9882
740	0.9882
741	0.9880
742	0.9880
743	0.9884
744	0.9886
745	0.9892
746	0.9889
747	0.9881
748	0.9879
749	0.9887
750	0.9883
751	0.9885
752	0.9887
753	0.9890
754	0.9881
755	0.9881
756	0.9888
757	0.9884
758	0.9881
759	0.9883
760	0.9877
761	0.9883
762	0.9887
763	0.9885
764	0.9887
765	0.9886
766	0.9886
767	0.9887
768	0.9888
769	0.9878
770	0.9878
771	0.9885
772	0.9873
773	0.9878
774	0.9886
775	0.9887
776	0.9876
777	0.9883
778	0.9878
779	0.9887
780	0.9890
781	0.9887
782	0.9883
783	0.9882
784	0.9882
785	0.9881
786	0.9875
787	0.9883
788	0.9893
789	0.9882
790	0.9874
791	0.9882
792	0.9885
793	0.9882
794	0.9882
795	0.9885
796	0.9882
797	0.9883
798	0.9879
799	0.9877
800	0.9882
801	0.9882
802	0.9885
803	0.9886
804	0.9894
805	0.9894
806	0.9885
807	0.9883
808	0.9883
809	0.9881
810	0.9873
811	0.9869
812	0.9878
813	0.9872
814	0.9867
815	0.9876
816	0.9874
817	0.9867
818	0.9862
819	0.9873
820	0.9879
821	0.9868
822	0.9869
823	0.9877
824	0.9871
825	0.9876
826	0.9871
827	0.9864
828	0.9855
829	0.9857
830	0.9866
831	0.9872
832	0.9874
833	0.9873
834	0.9879
835	0.9890
836	0.9892
837	0.9884
838	0.9878
839	0.9883
840	0.9881
841	0.9887
842	0.9887
843	0.9874
844	0.9873
845	0.9875
846	0.9871
847	0.9877
848	0.9887
849	0.9880
850	0.9867
851	0.9871
852	0.9878
853	0.9876
854	0.9876
855	0.9887
856	0.9890
857	0.9878
858	0.9875
859	0.9887
860	0.9891
861	0.9913
862	0.9932
863	0.9954
864	0.9974
865	0.9938
866	0.9904
867	0.9895
868	0.9923
869	0.9983
870	0.9976
871	0.9934
872	0.9896
873	0.9894
874	0.9923
875	0.9968
876	0.9980
877	0.9924
878	0.9882
879	0.9889
880	0.9905
881	0.9920
882	0.9927
883	0.9912
884	0.9907
885	0.9911
886	0.9905
887	0.9919
888	0.9934
889	0.9932
890	0.9903
891	0.9909
892	0.9932
893	0.9929
894	0.9924
895	0.9907
896	0.9887
897	0.9885
898	0.9900
899	0.9938
900	0.9936
901	0.9914
902	0.9895
903	0.9899
904	0.9905
905	0.9914
906	0.9920
907	0.9898
908	0.9891
909	0.9894
910	0.9899
911	0.9926
912	0.9921
913	0.9904
914	0.9891
915	0.9898
916	0.9900
917	0.9909
918	0.9917
919	1.0434
920	1.0207
921	0.9900
922	0.9891
923	0.9901
924	0.9902
925	0.9898
926	0.9899
927	0.9903
928	0.9902
929	0.9915
930	0.9908
931	0.9902
932	0.9890
933	0.9890
934	0.9895
935	0.9914
936	0.9917
937	0.9909
938	0.9897
939	0.9904
940	0.9904
941	0.9904
942	0.9896
943	0.9902
944	0.9896
945	0.9900
946	0.9904
947	0.9910
948	0.9911
949	0.9896
950	0.9888
951	0.9886
952	0.9885
953	0.9907
954	0.9903
955	0.9890
956	0.9889
957	0.9893
958	0.9900
959	0.9909
960	0.9904
961	0.9903
962	0.9901
963	0.9895
964	0.9895
965	0.9901
966	0.9902
967	0.9901
968	0.9902
969	0.9900
970	0.9908
971	0.9909
972	0.9908
973	0.9897
974	0.9896
975	0.9906
976	0.9905
977	0.9914
978	0.9908
979	0.9903
980	0.9903
981	0.9902
982	0.9903
983	0.9904
984	0.9908
985	0.9902
986	0.9897
987	0.9901
988	0.9909
989	0.9916
990	0.9907
991	0.9904
992	0.9896
993	0.9895
994	0.9898
995	0.9908
996	0.9903
997	0.9899
998	0.9897
999	0.9898
1000	0.9905
1001	0.9907
1002	0.9913
1003	0.9909
1004	0.9901
1005	0.9904
1006	0.9900
1007	0.9903
1008	0.9901
1009	0.9902
1010	0.9894
1011	0.9894
1012	0.9904
1013	0.9907
1014	0.9904
1015	0.9898
1016	0.9895
1017	0.9896
1018	0.9892
1019	0.9900
1020	0.9907
1021	0.9904
1022	0.9900
1023	0.9899
1024	0.9898
1025	0.9908
1026	0.9903
1027	0.9904
1028	0.9896
1029	0.9898
1030	0.9895
1031	0.9903
1032	0.9897
1033	0.9900
1034	0.9895
1035	0.9899
1036	0.9897
1037	0.9896
1038	0.9901
1039	0.9899
1040	0.9893
1041	0.9897
1042	0.9897
1043	0.9902
1044	0.9906
1045	0.9897
1046	0.9890
1047	0.9895
1048	0.9897
1049	0.9900
1050	0.9903
1051	0.9903
1052	0.9888
1053	0.9899
1054	0.9896
1055	0.9905
1056	0.9896
1057	0.9897
1058	0.9898
1059	0.9898
1060	0.9901
1061	0.9902
1062	0.9903
1063	0.9893
1064	0.9893
1065	0.9896
1066	0.9899
1067	0.9907
1068	0.9901
1069	0.9901
1070	0.9897
1071	0.9895
1072	0.9897
1073	0.9905
1074	0.9897
1075	0.9895
1076	0.9894
1077	0.9895
1078	0.9901
1079	0.9906
1080	0.9902
1081	0.9898
1082	0.9895
1083	0.9893
1084	0.9901
1085	0.9897
1086	0.9899
1087	0.9891
1088	0.9896
1089	0.9892
1090	0.9898
1091	0.9893
1092	0.9897
1093	0.9893
1094	0.9889
1095	0.9890
1096	0.9890
1097	0.9896
1098	0.9895
1099	0.9890
1100	0.9887
1101	0.9890
1102	0.9889
1103	0.9895
1104	0.9896
1105	0.9883
1106	0.9894
1107	0.9892
1108	0.9888
1109	0.9892
1110	0.9890
1111	0.9889
1112	0.9888
1113	0.9886
1114	0.9889
1115	0.9889
1116	0.9889
1117	0.9888
1118	0.9888
1119	0.9892
1120	0.9894
1121	0.9893
1122	0.9897
1123	0.9891
1124	0.9893
1125	0.9890
1126	0.9892
1127	0.9888
1128	0.9895
1129	0.9890
1130	0.9886
1131	0.9885
1132	0.9891
1133	0.9890
1134	0.9893
1135	0.9891
1136	0.9893
1137	0.9887
1138	0.9887
1139	0.9890
1140	0.9890
1141	0.9888
1142	0.9891
1143	0.9891
1144	0.9895
1145	0.9892
1146	0.9888
1147	0.9896
1148	0.9890
1149	0.9889
1150	0.9894
1151	0.9888
1152	0.9888
1153	0.9881
1154	0.9888
1155	0.9888
1156	0.9885
1157	0.9890
1158	0.9891
1159	0.9887
1160	0.9883
1161	0.9887
1162	0.9886
1163	0.9889
1164	0.9891
1165	0.9885
1166	0.9889
1167	0.9884
1168	0.9888
1169	0.9889
1170	0.9890
1171	0.9883
1172	0.9886
1173	0.9884
1174	0.9890
1175	0.9889
1176	0.9886
1177	0.9880
1178	0.9883
1179	0.9887
1180	0.9882
1181	0.9887
1182	0.9882
1183	0.9883
1184	0.9883
1185	0.9878
1186	0.9882
1187	0.9881
1188	0.9883
1189	0.9878
1190	0.9881
1191	0.9884
1192	0.9885
1193	0.9880
1194	0.9884
1195	0.9882
1196	0.9879
1197	0.9882
1198	0.9883
1199	0.9887
1200	0.9885
1201	0.9883
1202	0.9881
1203	0.9880
1204	0.9883
1205	0.9881
1206	0.9878
1207	0.9878
1208	0.9879
1209	0.9878
1210	0.9882
1211	0.9886
1212	0.9883
1213	0.9878
1214	0.9875
1215	0.9874
1216	0.9879
1217	0.9879
1218	0.9882
1219	0.9881
1220	0.9879
1221	0.9875
1222	0.9879
1223	0.9884
1224	0.9884
1225	0.9879
1226	0.9881
1227	0.9886
1228	0.9886
1229	0.9885
1230	0.9882
1231	0.9877
1232	0.9881
1233	0.9879
1234	0.9881
1235	0.9880
1236	0.9880
1237	0.9881
1238	0.9880
1239	0.9876
1240	0.9876
1241	0.9874
1242	0.9875
1243	0.9878
1244	0.9877
1245	0.9880
1246	0.9880
1247	0.9881
1248	0.9883
1249	0.9879
1250	0.9883
1251	0.9883
1252	0.9881
1253	0.9885
1254	0.9878
1255	0.9875
1256	0.9878
1257	0.9878
1258	0.9877
1259	0.9879
1260	0.9880
1261	0.9876
1262	0.9876
1263	0.9877
1264	0.9880
1265	0.9880
1266	0.9876
1267	0.9870
1268	0.9870
1269	0.9871
1270	0.9875
1271	0.9871
1272	0.9870
1273	0.9872
1274	0.9874
1275	0.9875
1276	0.9879
1277	0.9881
1278	0.9880
1279	0.9892
1280	0.9898
1281	0.9887
1282	0.9883
1283	0.9876
1284	0.9873
1285	0.9874
1286	0.9882
1287	0.9887
1288	0.9883
1289	0.9877
1290	0.9874
1291	0.9876
1292	0.9875
1293	0.9876
1294	0.9877
1295	0.9879
1296	0.9878
1297	0.9877
1298	0.9879
1299	0.9882
1300	0.9881
1301	0.9875
1302	0.9881
1303	0.9892
1304	0.9888
1305	0.9878
1306	0.9875
1307	0.9875
1308	0.9877
1309	0.9875
1310	0.9871
1311	0.9870
1312	0.9872
1313	0.9876
1314	0.9877
1315	0.9872
1316	0.9870
1317	0.9874
1318	0.9877
1319	0.9881
1320	0.9891
1321	0.9895
1322	0.9887
1323	0.9880
1324	0.9880
1325	0.9878
1326	0.9876
1327	0.9874
1328	0.9873
1329	0.9877
1330	0.9877
1331	0.9873
1332	0.9869
1333	0.9866
1334	0.9865
1335	0.9866
1336	0.9864
1337	0.9863
1338	0.9865
1339	0.9866
1340	0.9861
1341	0.9860
1342	0.9865
1343	0.9867
1344	0.9866
1345	0.9867
1346	0.9866
1347	0.9867
1348	0.9868
1349	0.9871
1350	0.9870
1351	0.9866
1352	0.9868
1353	0.9871
1354	0.9871
1355	0.9874
1356	0.9874
1357	0.9869
1358	0.9866
1359	0.9871
1360	0.9872
1361	0.9869
1362	0.9867
1363	0.9870
1364	0.9870
1365	0.9870
1366	0.9868
1367	0.9869
1368	0.9865
1369	0.9862
1370	0.9862
1371	0.9866
1372	0.9866
1373	0.9866
1374	0.9867
1375	0.9868
1376	0.9867
1377	0.9868
1378	0.9870
1379	0.9871
1380	0.9871
1381	0.9868
1382	0.9865
1383	0.9868
1384	0.9869
1385	0.9864
1386	0.9863
1387	0.9864
1388	0.9865
1389	0.9869
1390	0.9864
1391	0.9860
1392	0.9865
1393	0.9862
1394	0.9858
1395	0.9863
1396	0.9864
1397	0.9862
1398	0.9861
1399	0.9859
1400	0.9859
1401	0.9861
1402	0.9862
1403	0.9863
1404	0.9864
1405	0.9861
1406	0.9860
1407	0.9864
1408	0.9862
1409	0.9863
1410	0.9862
1411	0.9860
1412	0.9859
1413	0.9861
1414	0.9863
1415	0.9866
1416	0.9862
1417	0.9861
1418	0.9861
1419	0.9865
1420	0.9868
1421	0.9869
1422	0.9868
1423	0.9863
1424	0.9861
1425	0.9866
1426	0.9868
1427	0.9867
1428	0.9867
1429	0.9869
1430	0.9872
1431	0.9875
1432	0.9876
1433	0.9877
1434	0.9874
1435	0.9870
1436	0.9871
1437	0.9871
1438	0.9877
1439	0.9877
1440	0.9873
1441	0.9869
1442	0.9870
1443	0.9875
1444	0.9873
1445	0.9874
1446	0.9875
1447	0.9871
1448	0.9868
1449	0.9875
1450	0.9872
1451	0.9876
1452	0.9880
1453	0.9878
1454	0.9881
1455	0.9882
1456	0.9881
1457	0.9881
1458	0.9881
1459	0.9877
1460	0.9870
1461	0.9876
1462	0.9875
1463	0.9874
1464	0.9877
1465	0.9873
1466	0.9881
1467	0.9877
1468	0.9866
1469	0.9869
1470	0.9874
1471	0.9878
1472	0.9869
1473	0.9871
1474	0.9877
1475	0.9870
1476	0.9869
1477	0.9868
1478	0.9871
1479	0.9883
1480	0.9878
1481	0.9875
1482	0.9875
1483	0.9880
1484	0.9876
1485	0.9876
1486	0.9869
1487	0.9875
1488	0.9871
1489	0.9869
1490	0.9869
1491	0.9879
1492	0.9873
1493	0.9877
1494	0.9874
1495	0.9870
1496	0.9878
1497	0.9880
1498	0.9881
1499	0.9872
1500	0.9875
1501	0.9874
1502	0.9871
1503	0.9877
1504	0.9879
1505	0.9878
1506	0.9881
1507	0.9875
1508	0.9873
1509	0.9876
1510	0.9870
1511	0.9878
1512	0.9879
1513	0.9880
1514	0.9875
1515	0.9875
1516	0.9880
1517	0.9872
1518	0.9877
1519	0.9866
1520	0.9875
1521	0.9887
1522	0.9884
1523	0.9883
1524	0.9880
1525	0.9870
1526	0.9871
1527	0.9876
1528	0.9877
1529	0.9876
1530	0.9875
1531	0.9878
1532	0.9874
1533	0.9875
1534	0.9874
1535	0.9869
1536	0.9876
1537	0.9875
1538	0.9862
1539	0.9879
1540	0.9872
1541	0.9873
1542	0.9871
1543	0.9876
1544	0.9877
1545	0.9880
1546	0.9874
1547	0.9879
1548	0.9878
1549	0.9872
1550	0.9866
1551	0.9878
1552	0.9862
1553	0.9866
1554	0.9866
1555	0.9867
1556	0.9866
1557	0.9876
1558	0.9865
1559	0.9875
1560	0.9871
1561	0.9862
1562	0.9865
1563	0.9866
1564	0.9885
1565	0.9864
1566	0.9877
1567	0.9866
1568	0.9886
1569	0.9872
1570	0.9885
1571	0.9865
1572	0.9877
1573	0.9869
1574	0.9867
1575	0.9865
1576	0.9882
1577	0.9862
1578	0.9873
1579	0.9883
1580	0.9861
1581	0.9862
1582	0.9876
1583	0.9867
1584	0.9875
1585	0.9870
1586	0.9868
1587	0.9867
1588	0.9875
1589	0.9873
1590	0.9873
1591	0.9871
1592	0.9874
1593	0.9864
1594	0.9872
1595	0.9871
1596	0.9875
1597	0.9861
1598	0.9869
1599	0.9865
1600	0.9871
1601	0.9862
1602	0.9872
1603	0.9881
1604	0.9870
1605	0.9862
1606	0.9877
1607	0.9866
1608	0.9874
1609	0.9863
1610	0.9863
1611	0.9865
1612	0.9870
1613	0.9856
1614	0.9874
1615	0.9870
1616	0.9868
1617	0.9856
1618	0.9870
1619	0.9859
1620	0.9875
1621	0.9866
1622	0.9859
1623	0.9866
1624	0.9874
1625	0.9863
1626	0.9862
1627	0.9866
1628	0.9861
1629	0.9862
1630	0.9868
1631	0.9859
1632	0.9863
1633	0.9862
1634	0.9859
1635	0.9859
1636	0.9867
1637	0.9855
1638	0.9863
1639	0.9849
1640	0.9861
1641	0.9864
1642	0.9868
1643	0.9851
1644	0.9866
1645	0.9856
1646	0.9856
1647	0.9855
1648	0.9868
1649	0.9845
1650	0.9863
1651	0.9849
1652	0.9861
1653	0.9859
1654	0.9861
1655	0.9850
1656	0.9855
1657	0.9858
1658	0.9850
1659	0.9851
1660	0.9859
1661	0.9859
1662	0.9859
1663	0.9860
1664	0.9855
1665	0.9853
1666	0.9859
1667	0.9848
1668	0.9857
1669	0.9858
1670	0.9858
1671	0.9852
1672	0.9855
1673	0.9846
1674	0.9850
1675	0.9845
1676	0.9854
1677	0.9844
1678	0.9849
1679	0.9854
1680	0.9847
1681	0.9846
1682	0.9849
1683	0.9851
1684	0.9859
1685	0.9845
1686	0.9844
1687	0.9843
1688	0.9856
1689	0.9840
1690	0.9851
1691	0.9845
1692	0.9834
1693	0.9845
1694	0.9847
1695	0.9840
1696	0.9859
1697	0.9840
1698	0.9824
1699	0.9835
1700	0.9853
1701	0.9842
1702	0.9848
1703	0.9840
1704	0.9838
1705	0.9853
1706	0.9863
1707	0.9837
1708	0.9840
1709	0.9847
1710	0.9841
1711	0.9829
1712	0.9838
1713	0.9837
1714	0.9849
1715	0.9848
1716	0.9839
1717	0.9833
1718	0.9845
1719	0.9833
1720	0.9840
1721	0.9843
1722	0.9832
1723	0.9832
1724	0.9857
1725	0.9848
1726	0.9848
1727	0.9845
1728	0.9833
1729	0.9832
1730	0.9843
1731	0.9839
1732	0.9848
1733	0.9838
1734	0.9830
1735	0.9846
1736	0.9855
1737	0.9840
1738	0.9838
1739	0.9832
1740	0.9833
1741	0.9838
1742	0.9841
1743	0.9839
1744	0.9858
1745	0.9854
1746	0.9848
1747	0.9835
1748	0.9834
1749	0.9837
1750	0.9857
1751	0.9850
1752	0.9850
1753	0.9847
1754	0.9850
1755	0.9847
1756	0.9861
1757	0.9843
1758	0.9832
1759	0.9835
1760	0.9848
1761	0.9844
1762	0.9846
1763	0.9839
1764	0.9826
1765	0.9841
1766	0.9848
1767	0.9831
1768	0.9844
1769	0.9841
1770	0.9839
1771	0.9839
1772	0.9841
1773	0.9846
1774	0.9851
1775	0.9837
1776	0.9831
1777	0.9838
1778	0.9849
1779	0.9851
1780	0.9854
1781	0.9846
1782	0.9839
1783	0.9848
1784	0.9850
1785	0.9846
1786	0.9853
1787	0.9847
1788	0.9845
1789	0.9851
1790	0.9851
1791	0.9849
1792	0.9848
1793	0.9842
1794	0.9842
1795	0.9853
1796	0.9854
1797	0.9855
1798	0.9845
1799	0.9837
1800	0.9837
1801	0.9845
1802	0.9851
1803	0.9847
1804	0.9845
1805	0.9837
1806	0.9833
1807	0.9845
1808	0.9848
1809	0.9841
1810	0.9843
1811	0.9833
1812	0.9824
1813	0.9837
1814	0.9835
1815	0.9841
1816	0.9840
1817	0.9828
1818	0.9817
1819	0.9820
1820	0.9823
1821	0.9833
1822	0.9833
1823	0.9812
1824	0.9806
1825	0.9823
1826	0.9821
1827	0.9833
1828	0.9823
1829	0.9806
1830	0.9800
1831	0.9824
1832	0.9825
1833	0.9815
1834	0.9821
1835	0.9820
1836	0.9795
1837	0.9804
1838	0.9810
1839	0.9816
1840	0.9832
1841	0.9809
1842	0.9781
1843	0.9809
1844	0.9808
1845	0.9832
1846	0.9821
1847	0.9802
1848	0.9798
1849	0.9821
1850	0.9807
1851	0.9824
1852	0.9816
1853	0.9791
1854	0.9800
1855	0.9816
1856	0.9805
1857	0.9806
1858	0.9809
1859	0.9794
1860	0.9799
1861	0.9819
1862	0.9796
1863	0.9822
1864	0.9822
1865	0.9806
1866	0.9772
1867	0.9802
1868	0.9794
1869	0.9824
1870	0.9815
1871	0.9795
1872	0.9769
1873	0.9808
1874	0.9786
1875	0.9811
1876	0.9807
1877	0.9782
1878	0.9776
1879	0.9814
1880	0.9793
1881	0.9804
1882	0.9809
1883	0.9796
1884	0.9784
1885	0.9828
1886	0.9801
1887	0.9806
1888	0.9803
1889	0.9811
1890	0.9784
1891	0.9793
1892	0.9782
1893	0.9823
1894	0.9829
1895	0.9784
1896	0.9787
1897	0.9802
1898	0.9797
1899	0.9845
1900	0.9801
1901	0.9759
1902	0.9747
1903	0.9829
1904	0.9772
1905	0.9821
1906	0.9782
1907	0.9782
1908	0.9783
1909	0.9784
1910	0.9785
1911	0.9827
1912	0.9822
1913	0.9785
1914	0.9762
1915	0.9846
1916	0.9822
1917	0.9828
1918	0.9826
1919	0.9824
1920	0.9788
1921	0.9828
1922	0.9775
1923	0.9822
1924	0.9815
1925	0.9771
1926	0.9787
1927	0.9857
1928	0.9792
1929	0.9811
1930	0.9777
1931	0.9761
1932	0.9741
1933	0.9809
1934	0.9760
1935	0.9821
1936	0.9810
1937	0.9771
1938	0.9761
1939	0.9843
1940	0.9801
1941	0.9839
1942	0.9790
1943	0.9776
1944	0.9747
1945	0.9813
1946	0.9786
1947	0.9823
1948	0.9809
1949	0.9785
1950	0.9788
1951	0.9809
1952	0.9756
1953	0.9829
1954	0.9796
1955	0.9792
1956	0.9754
1957	0.9806
1958	0.9780
1959	0.9821
1960	0.9802
1961	0.9762
1962	0.9746
1963	0.9815
1964	0.9781
1965	0.9807
1966	0.9781
1967	0.9772
1968	0.9758
1969	0.9802
1970	0.9759
1971	0.9796
1972	0.9788
1973	0.9778
1974	0.9753
1975	0.9810
1976	0.9771
1977	0.9791
1978	0.9778
1979	0.9759
1980	0.9758
1981	0.9794
1982	0.9762
1983	0.9788
1984	0.9776
1985	0.9742
1986	0.9741
1987	0.9803
1988	0.9744
1989	0.9793
1990	0.9753
1991	0.9740
1992	0.9739
1993	0.9779
1994	0.9722
1995	0.9759
1996	0.9734
1997	0.9720
1998	0.9712
1999	0.9769
2000	0.9689
2001	0.9778
2002	0.9774
2003	0.9736
2004	0.9735
2005	0.9748
2006	0.9670
2007	0.9780
2008	0.9699
2009	0.9715
2010	0.9747
2011	0.9766
2012	0.9672
2013	0.9753
2014	0.9700
2015	0.9715
2016	0.9700
2017	0.9739
2018	0.9676
2019	0.9743
2020	0.9720
2021	0.9699
2022	0.9697
2023	0.9763
2024	0.9706
2025	0.9723
2026	0.9707
2027	0.9699
2028	0.9677
2029	0.9674
2030	0.9665
2031	0.9709
2032	0.9673
2033	0.9648
2034	0.9676
2035	0.9742
2036	0.9622
2037	0.9726
2038	0.9607
2039	0.9642
2040	0.9623
2041	0.9681
2042	0.9614
2043	0.9722
2044	0.9639
2045	0.9657
2046	0.9606
2047	0.9712
2048	0.9642
2049	0.9696
2050	0.9636
2051	0.9625
2052	0.9635
2053	0.9687
2054	0.9584
2055	0.9712
2056	0.9626
2057	0.9565
2058	0.9621
2059	0.9627
2060	0.9532
2061	0.9646
2062	0.9607
2063	0.9581
2064	0.9573
2065	0.9661
2066	0.9539
2067	0.9651
2068	0.9580
2069	0.9580
2070	0.9600
2071	0.9619
2072	0.9546
2073	0.9633
2074	0.9598
2075	0.9580
2076	0.9542
2077	0.9607
2078	0.9574
2079	0.9658
2080	0.9587
2081	0.9604
2082	0.9546
2083	0.9624
2084	0.9553
2085	0.9610
2086	0.9599
2087	0.9609
2088	0.9576
2089	0.9680
2090	0.9530
2091	0.9619
2092	0.9594
2093	0.9558
2094	0.9570
2095	0.9645
2096	0.9508
2097	0.9601
2098	0.9579
2099	0.9519
2100	0.9532
2101	0.9588
2102	0.9476
2103	0.9627
2104	0.9516
2105	0.9545
2106	0.9521
2107	0.9605
2108	0.9479
2109	0.9557
2110	0.9499
2111	0.9516
2112	0.9464
2113	0.9598
2114	0.9485
2115	0.9582
2116	0.9547
2117	0.9483
2118	0.9494
2119	0.9545
2120	0.9526
2121	0.9616
2122	0.9501
2123	0.9509
2124	0.9494
2125	0.9621
2126	0.9530
2127	0.9544
2128	0.9479
2129	0.9517
2130	0.9507
2131	0.9518
2132	0.9455
2133	0.9574
2134	0.9523
2135	0.9520
2136	0.9519
2137	0.9530
2138	0.9472
2139	0.9594
2140	0.9469
2141	0.9461
2142	0.9521
2143	0.9521
2144	0.9498
2145	0.9588
2146	0.9477
2147	0.9478
2148	0.9472
2149	0.9502
2150	0.9452
2151	0.9573
2152	0.9519
2153	0.9579
2154	0.9519
2155	0.9564
2156	0.9514
2157	0.9576
2158	0.9557
2159	0.9564
2160	0.9565
2161	0.9575
2162	0.9507
2163	0.9636
2164	0.9541
2165	0.9530
2166	0.9534
2167	0.9531
2168	0.9517
2169	0.9601
2170	0.9551
2171	0.9515
2172	0.9584
2173	0.9575
2174	0.9529
2175	0.9598
2176	0.9567
2177	0.9573
2178	0.9608
2179	0.9635
2180	0.9571
2181	0.9599
2182	0.9570
2183	0.9660
2184	0.9648
2185	0.9652
2186	0.9611
2187	0.9625
2188	0.9621
2189	0.9583
2190	0.9618
2191	0.9608
2192	0.9632
2193	0.9655
2194	0.9624
2195	0.9641
2196	0.9691
2197	0.9657
2198	0.9611
2199	0.9663
2200	0.9660
2201	0.9666
2202	0.9765
2203	0.9696
2204	0.9696
2205	0.9755
2206	0.9687
2207	0.9684
2208	0.9701
2209	0.9721
2210	0.9702
2211	0.9699
2212	0.9646
2213	0.9662
2214	0.9705
2215	0.9699
2216	0.9663
2217	0.9662
2218	0.9680
2219	0.9716
2220	0.9706
2221	0.9686
2222	0.9668
2223	0.9692
2224	0.9663
2225	0.9644
2226	0.9695
2227	0.9671
2228	0.9678
2229	0.9710
2230	0.9707
2231	0.9708
2232	0.9677
2233	0.9645
2234	0.9651
2235	0.9665
2236	0.9657
2237	0.9681
2238	0.9700
2239	0.9687
2240	0.9673
2241	0.9683
2242	0.9641
2243	0.9712
2244	0.9752
2245	0.9692
2246	0.9667
2247	0.9665
2248	0.9652
2249	0.9647
2250	0.9659
2251	0.9646
2252	0.9634
2253	0.9673
2254	0.9640
2255	0.9688
2256	0.9725
2257	0.9653
2258	0.9626
2259	0.9652
2260	0.9611
2261	0.9634
2262	0.9707
2263	0.9652
2264	0.9609
2265	0.9612
2266	0.9671
2267	0.9731
2268	0.9720
2269	0.9606
2270	0.9571
2271	0.9613
2272	0.9620
2273	0.9645
2274	0.9650
2275	0.9632
2276	0.9638
2277	0.9630
2278	0.9575
2279	0.9589
2280	0.9657
2281	0.9618
2282	0.9578
2283	0.9587
2284	0.9584
2285	0.9683
2286	0.9758
2287	0.9655
2288	0.9630
2289	0.9676
2290	0.9658
2291	0.9708
2292	0.9724
2293	0.9690
2294	0.9641
2295	0.9569
2296	0.9545
2297	0.9687
2298	0.9720
2299	0.9583
2300	0.9582
2301	0.9703
2302	0.9674
2303	0.9697
2304	0.9732
2305	0.9605
2306	0.9521
2307	0.9528
2308	0.9499
2309	0.9598
2310	0.9664
2311	0.9585
2312	0.9578
2313	0.9623
2314	0.9615
2315	0.9694
2316	0.9679
2317	0.9625
2318	0.9584
2319	0.9604
2320	0.9576
2321	0.9580
2322	0.9575
2323	0.9551
2324	0.9472
2325	0.9425
2326	0.9480
2327	0.9630
2328	0.9612
2329	0.9452
2330	0.9431
2331	0.9515
2332	0.9560
2333	0.9605
2334	0.9557
2335	0.9448
2336	0.9444
2337	0.9599
2338	0.9562
2339	0.9493
2340	0.9625
2341	0.9438
2342	0.9536
2343	0.9635
2344	0.9464
2345	0.9488
2346	0.9539
2347	0.9432
2348	0.9561
2349	0.9627
2350	0.9489
2351	0.9474
2352	0.9519
2353	0.9433
2354	0.9628
2355	0.9603
2356	0.9386
2357	0.9560
2358	0.9639
2359	0.9429
2360	0.9456
2361	0.9421
2362	0.9556
2363	0.9664
2364	0.9463
2365	0.9398
2366	0.9400
2367	0.9426
2368	0.9599
2369	0.9512
2370	0.9619
2371	0.9497
2372	0.9569
2373	0.9524
2374	0.9467
2375	0.9539
2376	0.9613
2377	0.9443
2378	0.9453
2379	0.9515
2380	0.9554
2381	0.9479
2382	0.9508
2383	0.9335
2384	0.9429
2385	0.9467
2386	0.9411
2387	0.9443
2388	0.9548
2389	0.9377
2390	0.9376
2391	0.9425
2392	0.9647
2393	0.9587
2394	0.9591
2395	0.9359
2396	0.9527
2397	0.9479
2398	0.9528
2399	0.9373
2400	0.9580
2401	0.9537
2402	0.9381
2403	0.9573
2404	0.9491
2405	0.9589
2406	0.9590
2407	0.9362
2408	0.9400
2409	0.9483
2410	0.9449
2411	0.9538
2412	0.9621
2413	0.9392
2414	0.9315
2415	0.9558
2416	0.9385
2417	0.9513
2418	0.9576
2419	0.9487
2420	0.9536
2421	0.9413
2422	0.9369
2423	0.9612
2424	0.9640
2425	0.9442
2426	0.9408
2427	0.9540
2428	0.9462
2429	0.9769
2430	0.9521
2431	0.9515
2432	0.9401
2433	0.9446
2434	0.9441
2435	0.9647
2436	0.9669
2437	0.9501
2438	0.9376
2439	0.9474
2440	0.9459
2441	0.9656
2442	0.9454
2443	0.9611
2444	0.9465
2445	0.9532
2446	0.9401
2447	0.9668
2448	0.9588
2449	0.9504
2450	0.9414
2451	0.9450
2452	0.9354
2453	0.9482
2454	0.9500
2455	0.9370
2456	0.9388
2457	0.9437
2458	0.9373
2459	0.9591
2460	0.9450
2461	0.9515
2462	0.9487
2463	0.9536
2464	0.9659
2465	0.9617
2466	0.9547
2467	0.9413
2468	0.9413
2469	0.9483
2470	0.9344
2471	0.9622
2472	0.9411
2473	0.9447
2474	0.9448
2475	0.9567
2476	0.9344
2477	0.9643
2478	0.9684
2479	0.9654
2480	0.9450
2481	0.9551
2482	0.9414
2483	0.9548
2484	0.9655
2485	0.9377
2486	0.9257
2487	0.9207
2488	0.9433
2489	0.9466
2490	0.9602
2491	0.9639
2492	0.9432
2493	0.9535
2494	0.9561
2495	0.9753
2496	0.9496
2497	0.9464
2498	0.9375
2499	0.9471
2500	0.9404
